Red Channel:
L00: 0.848054
L1-1: 0.069786
L10: -0.396470
L11: 0.076923
L2-2: -0.022076
L2-1: 0.201342
L20: -0.241351
L21: 0.984394
L22: -0.100360

Green Channel:
L00: 0.803177
L1-1: 0.229786
L10: -0.378365
L11: 0.076553
L2-2: -0.006418
L2-1: 0.089911
L20: -0.228217
L21: 0.739158
L22: -0.157979

Blue Channel:
L00: 0.866393
L1-1: 0.510742
L10: -0.335920
L11: 0.078804
L2-2: 0.007915
L2-1: -0.029091
L20: -0.213463
L21: 0.473001
L22: -0.290795
